2001
0.000000 0.000000 0.000000 1.500000
-0.001946 0.000000 0.000000 1.501819
-0.003697 0.000000 0.000000 1.503453
-0.005273 0.000000 0.000000 1.504919
-0.006691 0.000000 0.000000 1.506236
-0.007967 0.000000 0.000000 1.507419
-0.009115 0.000000 0.000000 1.508482
-0.010149 0.000000 0.000000 1.509438
-0.011079 0.000000 0.000000 1.510297
-0.011916 0.000000 0.000000 1.511069
-0.012669 0.000000 0.000000 1.511764
-0.013347 0.000000 0.000000 1.512389
-0.013957 0.000000 0.000000 1.512952
-0.014506 0.000000 0.000000 1.513458
-0.015001 0.000000 0.000000 1.513915
-0.015446 0.000000 0.000000 1.514327
-0.015846 0.000000 0.000000 1.514698
-0.016207 0.000000 0.000000 1.515034
-0.016531 0.000000 0.000000 1.515337
-0.016823 0.000000 0.000000 1.515612
-0.017086 0.000000 0.000000 1.515861
-0.017323 0.000000 0.000000 1.516087
-0.017537 0.000000 0.000000 1.516293
-0.017729 0.000000 0.000000 1.516482
-0.017902 0.000000 0.000000 1.516655
-0.018058 0.000000 0.000000 1.516814
-0.018199 0.000000 0.000000 1.516960
-0.018326 0.000000 0.000000 1.517097
-0.018440 0.000000 0.000000 1.517224
-0.018544 0.000000 0.000000 1.517344
-0.018637 0.000000 0.000000 1.517457
-0.018721 0.000000 0.000000 1.517564
-0.018798 0.000000 0.000000 1.517667
-0.018867 0.000000 0.000000 1.517767
-0.018929 0.000000 0.000000 1.517864
-0.018986 0.000000 0.000000 1.517959
-0.019038 0.000000 0.000000 1.518053
-0.019085 0.000000 0.000000 1.518146
-0.019128 0.000000 0.000000 1.518240
-0.019167 0.000000 0.000000 1.518334
-0.019203 0.000000 0.000000 1.518430
-0.019236 0.000000 0.000000 1.518528
-0.019267 0.000000 0.000000 1.518628
-0.019295 0.000000 0.000000 1.518731
-0.019321 0.000000 0.000000 1.518837
-0.019346 0.000000 0.000000 1.518946
-0.019369 0.000000 0.000000 1.519060
-0.019390 0.000000 0.000000 1.519178
-0.019411 0.000000 0.000000 1.519301
-0.019430 0.000000 0.000000 1.519429
-0.019449 0.000000 0.000000 1.519563
-0.019467 0.000000 0.000000 1.519702
-0.019484 0.000000 0.000000 1.519847
-0.019501 0.000000 0.000000 1.519999
-0.019517 0.000000 0.000000 1.520157
-0.019533 0.000000 0.000000 1.520323
-0.019549 0.000000 0.000000 1.520495
-0.019565 0.000000 0.000000 1.520675
-0.019581 0.000000 0.000000 1.520863
-0.019596 0.000000 0.000000 1.521059
-0.019612 0.000000 0.000000 1.521263
-0.019628 0.000000 0.000000 1.521475
-0.019644 0.000000 0.000000 1.521696
-0.019660 0.000000 0.000000 1.521927
-0.019677 0.000000 0.000000 1.522166
-0.019693 0.000000 0.000000 1.522415
-0.019710 0.000000 0.000000 1.522674
-0.019728 0.000000 0.000000 1.522942
-0.019745 0.000000 0.000000 1.523220
-0.019763 0.000000 0.000000 1.523509
-0.019782 0.000000 0.000000 1.523808
-0.019801 0.000000 0.000000 1.524119
-0.019820 0.000000 0.000000 1.524439
-0.019840 0.000000 0.000000 1.524772
-0.019860 0.000000 0.000000 1.525115
-0.019881 0.000000 0.000000 1.525470
-0.019902 0.000000 0.000000 1.525836
-0.019923 0.000000 0.000000 1.526215
-0.019946 0.000000 0.000000 1.526606
-0.019968 0.000000 0.000000 1.527009
-0.019991 0.000000 0.000000 1.527424
-0.020015 0.000000 0.000000 1.527852
-0.020039 0.000000 0.000000 1.528293
-0.020064 0.000000 0.000000 1.528746
-0.020089 0.000000 0.000000 1.529213
-0.020115 0.000000 0.000000 1.529693
-0.020141 0.000000 0.000000 1.530187
-0.020168 0.000000 0.000000 1.530694
-0.020195 0.000000 0.000000 1.531215
-0.020222 0.000000 0.000000 1.531750
-0.020251 0.000000 0.000000 1.532299
-0.020279 0.000000 0.000000 1.532862
-0.020308 0.000000 0.000000 1.533440
-0.020338 0.000000 0.000000 1.534032
-0.020368 0.000000 0.000000 1.534639
-0.020398 0.000000 0.000000 1.535260
-0.020429 0.000000 0.000000 1.535896
-0.020460 0.000000 0.000000 1.536548
-0.020491 0.000000 0.000000 1.537214
-0.020523 0.000000 0.000000 1.537896
-0.020556 0.000000 0.000000 1.538593
-0.020588 0.000000 0.000000 1.539305
-0.020621 0.000000 0.000000 1.540033
-0.020654 0.000000 0.000000 1.540777
-0.020687 0.000000 0.000000 1.541536
-0.020721 0.000000 0.000000 1.542311
-0.020755 0.000000 0.000000 1.543102
-0.020788 0.000000 0.000000 1.543909
-0.020822 0.000000 0.000000 1.544733
-0.020857 0.000000 0.000000 1.545572
-0.020891 0.000000 0.000000 1.546427
-0.020925 0.000000 0.000000 1.547299
-0.020959 0.000000 0.000000 1.548187
-0.020994 0.000000 0.000000 1.549092
-0.021028 0.000000 0.000000 1.550013
-0.021062 0.000000 0.000000 1.550950
-0.021096 0.000000 0.000000 1.551904
-0.021130 0.000000 0.000000 1.552875
-0.021163 0.000000 0.000000 1.553862
-0.021196 0.000000 0.000000 1.554866
-0.021229 0.000000 0.000000 1.555887
-0.021262 0.000000 0.000000 1.556924
-0.021294 0.000000 0.000000 1.557978
-0.021326 0.000000 0.000000 1.559049
-0.021358 0.000000 0.000000 1.560136
-0.021389 0.000000 0.000000 1.561240
-0.021419 0.000000 0.000000 1.562361
-0.021448 0.000000 0.000000 1.563499
-0.021477 0.000000 0.000000 1.564653
-0.021506 0.000000 0.000000 1.565824
-0.021533 0.000000 0.000000 1.567012
-0.021560 0.000000 0.000000 1.568216
-0.021586 0.000000 0.000000 1.569437
-0.021610 0.000000 0.000000 1.570675
-0.021634 0.000000 0.000000 1.571929
-0.021657 0.000000 0.000000 1.573200
-0.021679 0.000000 0.000000 1.574487
-0.021699 0.000000 0.000000 1.575790
-0.021718 0.000000 0.000000 1.577110
-0.021736 0.000000 0.000000 1.578447
-0.021752 0.000000 0.000000 1.579799
-0.021767 0.000000 0.000000 1.581168
-0.021781 0.000000 0.000000 1.582553
-0.021793 0.000000 0.000000 1.583954
-0.021803 0.000000 0.000000 1.585370
-0.021812 0.000000 0.000000 1.586803
-0.021819 0.000000 0.000000 1.588252
-0.021824 0.000000 0.000000 1.589716
-0.021827 0.000000 0.000000 1.591196
-0.021828 0.000000 0.000000 1.592691
-0.021827 0.000000 0.000000 1.594202
-0.021824 0.000000 0.000000 1.595728
-0.021819 0.000000 0.000000 1.597269
-0.021811 0.000000 0.000000 1.598825
-0.021802 0.000000 0.000000 1.600396
-0.021789 0.000000 0.000000 1.601983
-0.021775 0.000000 0.000000 1.603583
-0.021757 0.000000 0.000000 1.605199
-0.021737 0.000000 0.000000 1.606828
-0.021715 0.000000 0.000000 1.608472
-0.021689 0.000000 0.000000 1.610131
-0.021661 0.000000 0.000000 1.611803
-0.021629 0.000000 0.000000 1.613489
-0.021595 0.000000 0.000000 1.615189
-0.021558 0.000000 0.000000 1.616902
-0.021517 0.000000 0.000000 1.618629
-0.021473 0.000000 0.000000 1.620369
-0.021426 0.000000 0.000000 1.622123
-0.021375 0.000000 0.000000 1.623889
-0.021321 0.000000 0.000000 1.625668
-0.021263 0.000000 0.000000 1.627459
-0.021202 0.000000 0.000000 1.629263
-0.021137 0.000000 0.000000 1.631079
-0.021068 0.000000 0.000000 1.632907
-0.020995 0.000000 0.000000 1.634747
-0.020919 0.000000 0.000000 1.636599
-0.020838 0.000000 0.000000 1.638462
-0.020753 0.000000 0.000000 1.640337
-0.020664 0.000000 0.000000 1.642222
-0.020571 0.000000 0.000000 1.644119
-0.020473 0.000000 0.000000 1.646026
-0.020371 0.000000 0.000000 1.647944
-0.020264 0.000000 0.000000 1.649872
-0.020153 0.000000 0.000000 1.651810
-0.020037 0.000000 0.000000 1.653758
-0.019917 0.000000 0.000000 1.655716
-0.019791 0.000000 0.000000 1.657683
-0.019661 0.000000 0.000000 1.659660
-0.019526 0.000000 0.000000 1.661646
-0.019386 0.000000 0.000000 1.663640
-0.019241 0.000000 0.000000 1.665643
-0.019090 0.000000 0.000000 1.667655
-0.018935 0.000000 0.000000 1.669674
-0.018774 0.000000 0.000000 1.671702
-0.018608 0.000000 0.000000 1.673737
-0.018436 0.000000 0.000000 1.675780
-0.018259 0.000000 0.000000 1.677831
-0.018077 0.000000 0.000000 1.679888
-0.017889 0.000000 0.000000 1.681952
-0.017695 0.000000 0.000000 1.684023
-0.017495 0.000000 0.000000 1.686100
-0.017290 0.000000 0.000000 1.688183
-0.017079 0.000000 0.000000 1.690272
-0.016862 0.000000 0.000000 1.692367
-0.016639 0.000000 0.000000 1.694468
-0.016410 0.000000 0.000000 1.696573
-0.016175 0.000000 0.000000 1.698684
-0.015934 0.000000 0.000000 1.700799
-0.015686 0.000000 0.000000 1.702919
-0.015433 0.000000 0.000000 1.705043
-0.015173 0.000000 0.000000 1.707171
-0.014907 0.000000 0.000000 1.709303
-0.014635 0.000000 0.000000 1.711439
-0.014357 0.000000 0.000000 1.713577
-0.014071 0.000000 0.000000 1.715719
-0.013780 0.000000 0.000000 1.717864
-0.013482 0.000000 0.000000 1.720012
-0.013178 0.000000 0.000000 1.722161
-0.012867 0.000000 0.000000 1.724313
-0.012549 0.000000 0.000000 1.726467
-0.012225 0.000000 0.000000 1.728623
-0.011894 0.000000 0.000000 1.730780
-0.011557 0.000000 0.000000 1.732938
-0.011213 0.000000 0.000000 1.735097
-0.010862 0.000000 0.000000 1.737257
-0.010505 0.000000 0.000000 1.739418
-0.010141 0.000000 0.000000 1.741578
-0.009770 0.000000 0.000000 1.743739
-0.009392 0.000000 0.000000 1.745900
-0.009008 0.000000 0.000000 1.748060
-0.008617 0.000000 0.000000 1.750219
-0.008219 0.000000 0.000000 1.752378
-0.007815 0.000000 0.000000 1.754535
-0.007403 0.000000 0.000000 1.756691
-0.006985 0.000000 0.000000 1.758846
-0.006560 0.000000 0.000000 1.760999
-0.006129 0.000000 0.000000 1.763150
-0.005691 0.000000 0.000000 1.765298
-0.005246 0.000000 0.000000 1.767444
-0.004794 0.000000 0.000000 1.769588
-0.004335 0.000000 0.000000 1.771728
-0.003870 0.000000 0.000000 1.773866
-0.003399 0.000000 0.000000 1.776000
-0.002920 0.000000 0.000000 1.778131
-0.002436 0.000000 0.000000 1.780257
-0.001944 0.000000 0.000000 1.782380
-0.001446 0.000000 0.000000 1.784499
-0.000942 0.000000 0.000000 1.786613
-0.000431 0.000000 0.000000 1.788723
0.000087 0.000000 0.000000 1.790828
0.000611 0.000000 0.000000 1.792928
0.001141 0.000000 0.000000 1.795023
0.001677 0.000000 0.000000 1.797112
0.002220 0.000000 0.000000 1.799196
0.002769 0.000000 0.000000 1.801274
0.003324 0.000000 0.000000 1.803346
0.003885 0.000000 0.000000 1.805412
0.004452 0.000000 0.000000 1.807472
0.005025 0.000000 0.000000 1.809525
0.005604 0.000000 0.000000 1.811571
0.006189 0.000000 0.000000 1.813610
0.006780 0.000000 0.000000 1.815643
0.007376 0.000000 0.000000 1.817668
0.007978 0.000000 0.000000 1.819685
0.008586 0.000000 0.000000 1.821695
0.009199 0.000000 0.000000 1.823697
0.009818 0.000000 0.000000 1.825692
0.010441 0.000000 0.000000 1.827678
0.011070 0.000000 0.000000 1.829656
0.011705 0.000000 0.000000 1.831625
0.012344 0.000000 0.000000 1.833586
0.012988 0.000000 0.000000 1.835538
0.013637 0.000000 0.000000 1.837481
0.014291 0.000000 0.000000 1.839415
0.014950 0.000000 0.000000 1.841340
0.015613 0.000000 0.000000 1.843255
0.016281 0.000000 0.000000 1.845161
0.016953 0.000000 0.000000 1.847057
0.017630 0.000000 0.000000 1.848944
0.018310 0.000000 0.000000 1.850820
0.018995 0.000000 0.000000 1.852687
0.019684 0.000000 0.000000 1.854543
0.020377 0.000000 0.000000 1.856389
0.021073 0.000000 0.000000 1.858225
0.021773 0.000000 0.000000 1.860050
0.022476 0.000000 0.000000 1.861864
0.023183 0.000000 0.000000 1.863667
0.023894 0.000000 0.000000 1.865460
0.024607 0.000000 0.000000 1.867241
0.025323 0.000000 0.000000 1.869012
0.026043 0.000000 0.000000 1.870771
0.026765 0.000000 0.000000 1.872518
0.027490 0.000000 0.000000 1.874254
0.028217 0.000000 0.000000 1.875979
0.028947 0.000000 0.000000 1.877692
0.029679 0.000000 0.000000 1.879393
0.030413 0.000000 0.000000 1.881082
0.031149 0.000000 0.000000 1.882760
0.031887 0.000000 0.000000 1.884425
0.032627 0.000000 0.000000 1.886078
0.033368 0.000000 0.000000 1.887719
0.034111 0.000000 0.000000 1.889348
0.034856 0.000000 0.000000 1.890964
0.035601 0.000000 0.000000 1.892568
0.036348 0.000000 0.000000 1.894160
0.037095 0.000000 0.000000 1.895739
0.037843 0.000000 0.000000 1.897305
0.038592 0.000000 0.000000 1.898858
0.039342 0.000000 0.000000 1.900399
0.040091 0.000000 0.000000 1.901927
0.040841 0.000000 0.000000 1.903442
0.041591 0.000000 0.000000 1.904944
0.042341 0.000000 0.000000 1.906433
0.043091 0.000000 0.000000 1.907910
0.043841 0.000000 0.000000 1.909373
0.044590 0.000000 0.000000 1.910823
0.045338 0.000000 0.000000 1.912260
0.046086 0.000000 0.000000 1.913683
0.046832 0.000000 0.000000 1.915094
0.047578 0.000000 0.000000 1.916491
0.048323 0.000000 0.000000 1.917875
0.049066 0.000000 0.000000 1.919245
0.049807 0.000000 0.000000 1.920603
0.050548 0.000000 0.000000 1.921946
0.051286 0.000000 0.000000 1.923277
0.052022 0.000000 0.000000 1.924594
0.052757 0.000000 0.000000 1.925898
0.053489 0.000000 0.000000 1.927188
0.054219 0.000000 0.000000 1.928465
0.054947 0.000000 0.000000 1.929728
0.055672 0.000000 0.000000 1.930978
0.056394 0.000000 0.000000 1.932215
0.057114 0.000000 0.000000 1.933438
0.057830 0.000000 0.000000 1.934647
0.058544 0.000000 0.000000 1.935843
0.059254 0.000000 0.000000 1.937026
0.059961 0.000000 0.000000 1.938195
0.060665 0.000000 0.000000 1.939351
0.061365 0.000000 0.000000 1.940493
0.062061 0.000000 0.000000 1.941622
0.062754 0.000000 0.000000 1.942737
0.063442 0.000000 0.000000 1.943839
0.064126 0.000000 0.000000 1.944928
0.064807 0.000000 0.000000 1.946004
0.065483 0.000000 0.000000 1.947066
0.066154 0.000000 0.000000 1.948114
0.066821 0.000000 0.000000 1.949150
0.067484 0.000000 0.000000 1.950172
0.068141 0.000000 0.000000 1.951181
0.068794 0.000000 0.000000 1.952177
0.069442 0.000000 0.000000 1.953160
0.070085 0.000000 0.000000 1.954130
0.070723 0.000000 0.000000 1.955086
0.071356 0.000000 0.000000 1.956030
0.071983 0.000000 0.000000 1.956960
0.072605 0.000000 0.000000 1.957878
0.073221 0.000000 0.000000 1.958783
0.073832 0.000000 0.000000 1.959674
0.074437 0.000000 0.000000 1.960554
0.075036 0.000000 0.000000 1.961420
0.075629 0.000000 0.000000 1.962273
0.076217 0.000000 0.000000 1.963114
0.076799 0.000000 0.000000 1.963943
0.077374 0.000000 0.000000 1.964759
0.077943 0.000000 0.000000 1.965562
0.078507 0.000000 0.000000 1.966353
0.079063 0.000000 0.000000 1.967131
0.079614 0.000000 0.000000 1.967898
0.080158 0.000000 0.000000 1.968652
0.080696 0.000000 0.000000 1.969393
0.081227 0.000000 0.000000 1.970123
0.081752 0.000000 0.000000 1.970841
0.082270 0.000000 0.000000 1.971546
0.082781 0.000000 0.000000 1.972240
0.083286 0.000000 0.000000 1.972922
0.083784 0.000000 0.000000 1.973593
0.084275 0.000000 0.000000 1.974251
0.084760 0.000000 0.000000 1.974898
0.085237 0.000000 0.000000 1.975533
0.085708 0.000000 0.000000 1.976157
0.086172 0.000000 0.000000 1.976770
0.086629 0.000000 0.000000 1.977371
0.087079 0.000000 0.000000 1.977962
0.087522 0.000000 0.000000 1.978541
0.087958 0.000000 0.000000 1.979108
0.088387 0.000000 0.000000 1.979665
0.088809 0.000000 0.000000 1.980212
0.089224 0.000000 0.000000 1.980747
0.089632 0.000000 0.000000 1.981272
0.090033 0.000000 0.000000 1.981786
0.090427 0.000000 0.000000 1.982289
0.090814 0.000000 0.000000 1.982782
0.091194 0.000000 0.000000 1.983265
0.091567 0.000000 0.000000 1.983738
0.091933 0.000000 0.000000 1.984200
0.092292 0.000000 0.000000 1.984653
0.092644 0.000000 0.000000 1.985095
0.092990 0.000000 0.000000 1.985528
0.093328 0.000000 0.000000 1.985951
0.093659 0.000000 0.000000 1.986364
0.093984 0.000000 0.000000 1.986768
0.094301 0.000000 0.000000 1.987162
0.094612 0.000000 0.000000 1.987547
0.094916 0.000000 0.000000 1.987922
0.095213 0.000000 0.000000 1.988289
0.095504 0.000000 0.000000 1.988646
0.095788 0.000000 0.000000 1.988995
0.096065 0.000000 0.000000 1.989335
0.096336 0.000000 0.000000 1.989666
0.096600 0.000000 0.000000 1.989988
0.096858 0.000000 0.000000 1.990302
0.097110 0.000000 0.000000 1.990608
0.097355 0.000000 0.000000 1.990905
0.097593 0.000000 0.000000 1.991194
0.097826 0.000000 0.000000 1.991475
0.098052 0.000000 0.000000 1.991748
0.098272 0.000000 0.000000 1.992014
0.098486 0.000000 0.000000 1.992271
0.098694 0.000000 0.000000 1.992521
0.098896 0.000000 0.000000 1.992764
0.099093 0.000000 0.000000 1.992999
0.099283 0.000000 0.000000 1.993227
0.099468 0.000000 0.000000 1.993448
0.099647 0.000000 0.000000 1.993661
0.099821 0.000000 0.000000 1.993868
0.099989 0.000000 0.000000 1.994068
0.100151 0.000000 0.000000 1.994262
0.100309 0.000000 0.000000 1.994448
0.100461 0.000000 0.000000 1.994629
0.100608 0.000000 0.000000 1.994803
0.100749 0.000000 0.000000 1.994971
0.100886 0.000000 0.000000 1.995132
0.101018 0.000000 0.000000 1.995288
0.101145 0.000000 0.000000 1.995438
0.101268 0.000000 0.000000 1.995583
0.101385 0.000000 0.000000 1.995721
0.101498 0.000000 0.000000 1.995854
0.101607 0.000000 0.000000 1.995982
0.101711 0.000000 0.000000 1.996105
0.101811 0.000000 0.000000 1.996222
0.101907 0.000000 0.000000 1.996335
0.101999 0.000000 0.000000 1.996443
0.102087 0.000000 0.000000 1.996545
0.102171 0.000000 0.000000 1.996644
0.102251 0.000000 0.000000 1.996737
0.102327 0.000000 0.000000 1.996827
0.102400 0.000000 0.000000 1.996912
0.102469 0.000000 0.000000 1.996993
0.102535 0.000000 0.000000 1.997070
0.102597 0.000000 0.000000 1.997142
0.102656 0.000000 0.000000 1.997212
0.102712 0.000000 0.000000 1.997277
0.102765 0.000000 0.000000 1.997339
0.102815 0.000000 0.000000 1.997397
0.102863 0.000000 0.000000 1.997452
0.102907 0.000000 0.000000 1.997504
0.102949 0.000000 0.000000 1.997553
0.102988 0.000000 0.000000 1.997599
0.103025 0.000000 0.000000 1.997641
0.103059 0.000000 0.000000 1.997682
0.103092 0.000000 0.000000 1.997719
0.103122 0.000000 0.000000 1.997754
0.103149 0.000000 0.000000 1.997786
0.103175 0.000000 0.000000 1.997816
0.103199 0.000000 0.000000 1.997844
0.103221 0.000000 0.000000 1.997870
0.103241 0.000000 0.000000 1.997893
0.103260 0.000000 0.000000 1.997915
0.103277 0.000000 0.000000 1.997935
0.103293 0.000000 0.000000 1.997953
0.103307 0.000000 0.000000 1.997969
0.103320 0.000000 0.000000 1.997984
0.103331 0.000000 0.000000 1.997998
0.103342 0.000000 0.000000 1.998010
0.103351 0.000000 0.000000 1.998021
0.103359 0.000000 0.000000 1.998030
0.103367 0.000000 0.000000 1.998039
0.103373 0.000000 0.000000 1.998046
0.103379 0.000000 0.000000 1.998053
0.103384 0.000000 0.000000 1.998058
0.103388 0.000000 0.000000 1.998063
0.103391 0.000000 0.000000 1.998067
0.103394 0.000000 0.000000 1.998071
0.103397 0.000000 0.000000 1.998074
0.103399 0.000000 0.000000 1.998076
0.103400 0.000000 0.000000 1.998078
0.103402 0.000000 0.000000 1.998079
0.103403 0.000000 0.000000 1.998081
0.103403 0.000000 0.000000 1.998081
0.103404 0.000000 0.000000 1.998082
0.103404 0.000000 0.000000 1.998082
0.103404 0.000000 0.000000 1.998083
0.103404 0.000000 0.000000 1.998083
0.103404 0.000000 0.000000 1.998083
0.103404 0.000000 0.000000 1.998082
0.103404 0.000000 0.000000 1.998082
0.103404 0.000000 0.000000 1.998082
0.103404 0.000000 0.000000 1.998082
0.103404 0.000000 0.000000 1.998082
0.103403 0.000000 0.000000 1.998081
0.103403 0.000000 0.000000 1.998081
0.103403 0.000000 0.000000 1.998081
0.103403 0.000000 0.000000 1.998081
0.103403 0.000000 0.000000 1.998081
0.103403 0.000000 0.000000 1.998081
0.103403 0.000000 0.000000 1.998081
0.103403 0.000000 0.000000 1.998080
0.103403 0.000000 0.000000 1.998080
0.103403 0.000000 0.000000 1.998079
0.103404 0.000000 0.000000 1.998079
0.103405 0.000000 0.000000 1.998077
0.103405 0.000000 0.000000 1.998076
0.103407 0.000000 0.000000 1.998074
0.103408 0.000000 0.000000 1.998072
0.103411 0.000000 0.000000 1.998069
0.103413 0.000000 0.000000 1.998065
0.103417 0.000000 0.000000 1.998060
0.103421 0.000000 0.000000 1.998054
0.103426 0.000000 0.000000 1.998048
0.103431 0.000000 0.000000 1.998040
0.103438 0.000000 0.000000 1.998030
0.103446 0.000000 0.000000 1.998020
0.103455 0.000000 0.000000 1.998007
0.103465 0.000000 0.000000 1.997993
0.103477 0.000000 0.000000 1.997977
0.103490 0.000000 0.000000 1.997958
0.103504 0.000000 0.000000 1.997938
0.103521 0.000000 0.000000 1.997915
0.103539 0.000000 0.000000 1.997889
0.103560 0.000000 0.000000 1.997861
0.103582 0.000000 0.000000 1.997830
0.103607 0.000000 0.000000 1.997795
0.103634 0.000000 0.000000 1.997757
0.103664 0.000000 0.000000 1.997716
0.103697 0.000000 0.000000 1.997671
0.103732 0.000000 0.000000 1.997622
0.103770 0.000000 0.000000 1.997569
0.103811 0.000000 0.000000 1.997512
0.103856 0.000000 0.000000 1.997450
0.103904 0.000000 0.000000 1.997383
0.103955 0.000000 0.000000 1.997312
0.104011 0.000000 0.000000 1.997235
0.104070 0.000000 0.000000 1.997153
0.104133 0.000000 0.000000 1.997065
0.104200 0.000000 0.000000 1.996972
0.104272 0.000000 0.000000 1.996872
0.104348 0.000000 0.000000 1.996767
0.104429 0.000000 0.000000 1.996655
0.104515 0.000000 0.000000 1.996536
0.104605 0.000000 0.000000 1.996410
0.104701 0.000000 0.000000 1.996277
0.104802 0.000000 0.000000 1.996136
0.104909 0.000000 0.000000 1.995988
0.105021 0.000000 0.000000 1.995833
0.105139 0.000000 0.000000 1.995669
0.105263 0.000000 0.000000 1.995497
0.105393 0.000000 0.000000 1.995316
0.105529 0.000000 0.000000 1.995126
0.105672 0.000000 0.000000 1.994928
0.105821 0.000000 0.000000 1.994720
0.105977 0.000000 0.000000 1.994503
0.106141 0.000000 0.000000 1.994276
0.106311 0.000000 0.000000 1.994039
0.106488 0.000000 0.000000 1.993792
0.106673 0.000000 0.000000 1.993535
0.106866 0.000000 0.000000 1.993267
0.107066 0.000000 0.000000 1.992988
0.107275 0.000000 0.000000 1.992698
0.107491 0.000000 0.000000 1.992397
0.107716 0.000000 0.000000 1.992084
0.107949 0.000000 0.000000 1.991759
0.108190 0.000000 0.000000 1.991423
0.108441 0.000000 0.000000 1.991074
0.108700 0.000000 0.000000 1.990713
0.108968 0.000000 0.000000 1.990339
0.109246 0.000000 0.000000 1.989952
0.109532 0.000000 0.000000 1.989552
0.109829 0.000000 0.000000 1.989139
0.110134 0.000000 0.000000 1.988712
0.110450 0.000000 0.000000 1.988271
0.110776 0.000000 0.000000 1.987817
0.111111 0.000000 0.000000 1.987348
0.111457 0.000000 0.000000 1.986865
0.111813 0.000000 0.000000 1.986367
0.112180 0.000000 0.000000 1.985855
0.112557 0.000000 0.000000 1.985327
0.112945 0.000000 0.000000 1.984784
0.113344 0.000000 0.000000 1.984226
0.113754 0.000000 0.000000 1.983652
0.114176 0.000000 0.000000 1.983062
0.114608 0.000000 0.000000 1.982456
0.115052 0.000000 0.000000 1.981834
0.115507 0.000000 0.000000 1.981196
0.115974 0.000000 0.000000 1.980541
0.116453 0.000000 0.000000 1.979869
0.116944 0.000000 0.000000 1.979180
0.117446 0.000000 0.000000 1.978474
0.117961 0.000000 0.000000 1.977751
0.118488 0.000000 0.000000 1.977010
0.119028 0.000000 0.000000 1.976251
0.119579 0.000000 0.000000 1.975475
0.120144 0.000000 0.000000 1.974681
0.120721 0.000000 0.000000 1.973868
0.121310 0.000000 0.000000 1.973037
0.121913 0.000000 0.000000 1.972188
0.122528 0.000000 0.000000 1.971319
0.123157 0.000000 0.000000 1.970433
0.123798 0.000000 0.000000 1.969527
0.124453 0.000000 0.000000 1.968602
0.125121 0.000000 0.000000 1.967657
0.125803 0.000000 0.000000 1.966693
0.126497 0.000000 0.000000 1.965710
0.127205 0.000000 0.000000 1.964707
0.127927 0.000000 0.000000 1.963684
0.128663 0.000000 0.000000 1.962642
0.129412 0.000000 0.000000 1.961579
0.130175 0.000000 0.000000 1.960496
0.130951 0.000000 0.000000 1.959392
0.131742 0.000000 0.000000 1.958268
0.132546 0.000000 0.000000 1.957124
0.133365 0.000000 0.000000 1.955959
0.134197 0.000000 0.000000 1.954773
0.135044 0.000000 0.000000 1.953566
0.135904 0.000000 0.000000 1.952338
0.136779 0.000000 0.000000 1.951089
0.137668 0.000000 0.000000 1.949819
0.138571 0.000000 0.000000 1.948528
0.139488 0.000000 0.000000 1.947215
0.140420 0.000000 0.000000 1.945881
0.141366 0.000000 0.000000 1.944525
0.142326 0.000000 0.000000 1.943148
0.143301 0.000000 0.000000 1.941749
0.144290 0.000000 0.000000 1.940328
0.145293 0.000000 0.000000 1.938885
0.146311 0.000000 0.000000 1.937420
0.147343 0.000000 0.000000 1.935934
0.148390 0.000000 0.000000 1.934425
0.149450 0.000000 0.000000 1.932895
0.150526 0.000000 0.000000 1.931342
0.151616 0.000000 0.000000 1.929767
0.152720 0.000000 0.000000 1.928170
0.153838 0.000000 0.000000 1.926550
0.154971 0.000000 0.000000 1.924908
0.156118 0.000000 0.000000 1.923244
0.157280 0.000000 0.000000 1.921558
0.158455 0.000000 0.000000 1.919849
0.159646 0.000000 0.000000 1.918118
0.160850 0.000000 0.000000 1.916364
0.162069 0.000000 0.000000 1.914588
0.163301 0.000000 0.000000 1.912789
0.164548 0.000000 0.000000 1.910968
0.165810 0.000000 0.000000 1.909124
0.167085 0.000000 0.000000 1.907258
0.168374 0.000000 0.000000 1.905370
0.169678 0.000000 0.000000 1.903459
0.170995 0.000000 0.000000 1.901525
0.172326 0.000000 0.000000 1.899569
0.173671 0.000000 0.000000 1.897591
0.175030 0.000000 0.000000 1.895590
0.176403 0.000000 0.000000 1.893566
0.177789 0.000000 0.000000 1.891521
0.179189 0.000000 0.000000 1.889453
0.180603 0.000000 0.000000 1.887362
0.182030 0.000000 0.000000 1.885250
0.183471 0.000000 0.000000 1.883115
0.184924 0.000000 0.000000 1.880958
0.186392 0.000000 0.000000 1.878779
0.187872 0.000000 0.000000 1.876577
0.189366 0.000000 0.000000 1.874354
0.190873 0.000000 0.000000 1.872108
0.192392 0.000000 0.000000 1.869841
0.193925 0.000000 0.000000 1.867552
0.195470 0.000000 0.000000 1.865241
0.197029 0.000000 0.000000 1.862908
0.198599 0.000000 0.000000 1.860554
0.200183 0.000000 0.000000 1.858178
0.201779 0.000000 0.000000 1.855781
0.203387 0.000000 0.000000 1.853362
0.205007 0.000000 0.000000 1.850922
0.206640 0.000000 0.000000 1.848460
0.208285 0.000000 0.000000 1.845978
0.209941 0.000000 0.000000 1.843474
0.211610 0.000000 0.000000 1.840950
0.213290 0.000000 0.000000 1.838404
0.214982 0.000000 0.000000 1.835838
0.216685 0.000000 0.000000 1.833252
0.218400 0.000000 0.000000 1.830645
0.220126 0.000000 0.000000 1.828017
0.221864 0.000000 0.000000 1.825369
0.223612 0.000000 0.000000 1.822702
0.225371 0.000000 0.000000 1.820014
0.227142 0.000000 0.000000 1.817306
0.228923 0.000000 0.000000 1.814579
0.230714 0.000000 0.000000 1.811832
0.232516 0.000000 0.000000 1.809065
0.234328 0.000000 0.000000 1.806280
0.236151 0.000000 0.000000 1.803475
0.237983 0.000000 0.000000 1.800651
0.239826 0.000000 0.000000 1.797808
0.241678 0.000000 0.000000 1.794947
0.243540 0.000000 0.000000 1.792067
0.245411 0.000000 0.000000 1.789169
0.247292 0.000000 0.000000 1.786252
0.249182 0.000000 0.000000 1.783318
0.251082 0.000000 0.000000 1.780366
0.252990 0.000000 0.000000 1.777396
0.254907 0.000000 0.000000 1.774408
0.256833 0.000000 0.000000 1.771404
0.258767 0.000000 0.000000 1.768382
0.260710 0.000000 0.000000 1.765343
0.262661 0.000000 0.000000 1.762288
0.264620 0.000000 0.000000 1.759216
0.266587 0.000000 0.000000 1.756127
0.268562 0.000000 0.000000 1.753023
0.270544 0.000000 0.000000 1.749902
0.272534 0.000000 0.000000 1.746766
0.274532 0.000000 0.000000 1.743615
0.276536 0.000000 0.000000 1.740448
0.278548 0.000000 0.000000 1.737266
0.280566 0.000000 0.000000 1.734069
0.282592 0.000000 0.000000 1.730858
0.284623 0.000000 0.000000 1.727632
0.286662 0.000000 0.000000 1.724392
0.288706 0.000000 0.000000 1.721138
0.290756 0.000000 0.000000 1.717871
0.292813 0.000000 0.000000 1.714589
0.294875 0.000000 0.000000 1.711295
0.296943 0.000000 0.000000 1.707988
0.299016 0.000000 0.000000 1.704668
0.301095 0.000000 0.000000 1.701335
0.303178 0.000000 0.000000 1.697990
0.305267 0.000000 0.000000 1.694633
0.307360 0.000000 0.000000 1.691265
0.309458 0.000000 0.000000 1.687885
0.311560 0.000000 0.000000 1.684494
0.313667 0.000000 0.000000 1.681091
0.315778 0.000000 0.000000 1.677678
0.317892 0.000000 0.000000 1.674255
0.320010 0.000000 0.000000 1.670821
0.322132 0.000000 0.000000 1.667378
0.324258 0.000000 0.000000 1.663925
0.326386 0.000000 0.000000 1.660463
0.328518 0.000000 0.000000 1.656991
0.330652 0.000000 0.000000 1.653511
0.332789 0.000000 0.000000 1.650022
0.334929 0.000000 0.000000 1.646526
0.337071 0.000000 0.000000 1.643021
0.339215 0.000000 0.000000 1.639508
0.341361 0.000000 0.000000 1.635989
0.343509 0.000000 0.000000 1.632462
0.345659 0.000000 0.000000 1.628928
0.347810 0.000000 0.000000 1.625388
0.349963 0.000000 0.000000 1.621842
0.352116 0.000000 0.000000 1.618291
0.354271 0.000000 0.000000 1.614733
0.356426 0.000000 0.000000 1.611171
0.358581 0.000000 0.000000 1.607603
0.360738 0.000000 0.000000 1.604031
0.362894 0.000000 0.000000 1.600454
0.365050 0.000000 0.000000 1.596874
0.367206 0.000000 0.000000 1.593290
0.369362 0.000000 0.000000 1.589703
0.371517 0.000000 0.000000 1.586112
0.373672 0.000000 0.000000 1.582519
0.375826 0.000000 0.000000 1.578924
0.377978 0.000000 0.000000 1.575326
0.380130 0.000000 0.000000 1.571727
0.382279 0.000000 0.000000 1.568127
0.384428 0.000000 0.000000 1.564525
0.386574 0.000000 0.000000 1.560923
0.388719 0.000000 0.000000 1.557320
0.390861 0.000000 0.000000 1.553717
0.393001 0.000000 0.000000 1.550115
0.395138 0.000000 0.000000 1.546513
0.397273 0.000000 0.000000 1.542912
0.399405 0.000000 0.000000 1.539312
0.401533 0.000000 0.000000 1.535714
0.403659 0.000000 0.000000 1.532118
0.405780 0.000000 0.000000 1.528524
0.407899 0.000000 0.000000 1.524933
0.410013 0.000000 0.000000 1.521344
0.412124 0.000000 0.000000 1.517759
0.414230 0.000000 0.000000 1.514178
0.416332 0.000000 0.000000 1.510601
0.418429 0.000000 0.000000 1.507028
0.420521 0.000000 0.000000 1.503460
0.422609 0.000000 0.000000 1.499897
0.424691 0.000000 0.000000 1.496339
0.426769 0.000000 0.000000 1.492787
0.428840 0.000000 0.000000 1.489241
0.430906 0.000000 0.000000 1.485702
0.432966 0.000000 0.000000 1.482169
0.435021 0.000000 0.000000 1.478644
0.437069 0.000000 0.000000 1.475126
0.439110 0.000000 0.000000 1.471616
0.441145 0.000000 0.000000 1.468114
0.443174 0.000000 0.000000 1.464620
0.445195 0.000000 0.000000 1.461135
0.447209 0.000000 0.000000 1.457660
0.449217 0.000000 0.000000 1.454194
0.451216 0.000000 0.000000 1.450738
0.453208 0.000000 0.000000 1.447293
0.455192 0.000000 0.000000 1.443858
0.457169 0.000000 0.000000 1.440434
0.459137 0.000000 0.000000 1.437021
0.461097 0.000000 0.000000 1.433620
0.463048 0.000000 0.000000 1.430231
0.464991 0.000000 0.000000 1.426854
0.466924 0.000000 0.000000 1.423489
0.468849 0.000000 0.000000 1.420138
0.470765 0.000000 0.000000 1.416800
0.472671 0.000000 0.000000 1.413476
0.474568 0.000000 0.000000 1.410166
0.476456 0.000000 0.000000 1.406870
0.478333 0.000000 0.000000 1.403589
0.480201 0.000000 0.000000 1.400323
0.482058 0.000000 0.000000 1.397072
0.483905 0.000000 0.000000 1.393836
0.485742 0.000000 0.000000 1.390617
0.487568 0.000000 0.000000 1.387414
0.489383 0.000000 0.000000 1.384228
0.491187 0.000000 0.000000 1.381058
0.492980 0.000000 0.000000 1.377906
0.494762 0.000000 0.000000 1.374771
0.496533 0.000000 0.000000 1.371654
0.498292 0.000000 0.000000 1.368556
0.500040 0.000000 0.000000 1.365475
0.501775 0.000000 0.000000 1.362414
0.503499 0.000000 0.000000 1.359372
0.505211 0.000000 0.000000 1.356349
0.506910 0.000000 0.000000 1.353345
0.508597 0.000000 0.000000 1.350362
0.510272 0.000000 0.000000 1.347399
0.511934 0.000000 0.000000 1.344456
0.513583 0.000000 0.000000 1.341534
0.515219 0.000000 0.000000 1.338633
0.516843 0.000000 0.000000 1.335753
0.518453 0.000000 0.000000 1.332895
0.520050 0.000000 0.000000 1.330059
0.521633 0.000000 0.000000 1.327245
0.523203 0.000000 0.000000 1.324454
0.524760 0.000000 0.000000 1.321684
0.526303 0.000000 0.000000 1.318938
0.527832 0.000000 0.000000 1.316215
0.529347 0.000000 0.000000 1.313515
0.530848 0.000000 0.000000 1.310839
0.532335 0.000000 0.000000 1.308186
0.533807 0.000000 0.000000 1.305558
0.535266 0.000000 0.000000 1.302953
0.536710 0.000000 0.000000 1.300373
0.538139 0.000000 0.000000 1.297818
0.539554 0.000000 0.000000 1.295288
0.540954 0.000000 0.000000 1.292782
0.542339 0.000000 0.000000 1.290302
0.543710 0.000000 0.000000 1.287847
0.545066 0.000000 0.000000 1.285417
0.546406 0.000000 0.000000 1.283014
0.547732 0.000000 0.000000 1.280636
0.549042 0.000000 0.000000 1.278284
0.550338 0.000000 0.000000 1.275958
0.551618 0.000000 0.000000 1.273659
0.552883 0.000000 0.000000 1.271386
0.554132 0.000000 0.000000 1.269140
0.555366 0.000000 0.000000 1.266920
0.556585 0.000000 0.000000 1.264728
0.557788 0.000000 0.000000 1.262562
0.558976 0.000000 0.000000 1.260423
0.560148 0.000000 0.000000 1.258312
0.561304 0.000000 0.000000 1.256227
0.562445 0.000000 0.000000 1.254170
0.563571 0.000000 0.000000 1.252141
0.564680 0.000000 0.000000 1.250139
0.565774 0.000000 0.000000 1.248164
0.566853 0.000000 0.000000 1.246217
0.567915 0.000000 0.000000 1.244298
0.568962 0.000000 0.000000 1.242406
0.569993 0.000000 0.000000 1.240542
0.571009 0.000000 0.000000 1.238705
0.572009 0.000000 0.000000 1.236897
0.572993 0.000000 0.000000 1.235116
0.573962 0.000000 0.000000 1.233363
0.574915 0.000000 0.000000 1.231638
0.575852 0.000000 0.000000 1.229940
0.576774 0.000000 0.000000 1.228270
0.577680 0.000000 0.000000 1.226628
0.578571 0.000000 0.000000 1.225013
0.579446 0.000000 0.000000 1.223427
0.580306 0.000000 0.000000 1.221867
0.581150 0.000000 0.000000 1.220335
0.581979 0.000000 0.000000 1.218831
0.582793 0.000000 0.000000 1.217354
0.583591 0.000000 0.000000 1.215904
0.584374 0.000000 0.000000 1.214481
0.585142 0.000000 0.000000 1.213086
0.585896 0.000000 0.000000 1.211717
0.586634 0.000000 0.000000 1.210376
0.587357 0.000000 0.000000 1.209061
0.588065 0.000000 0.000000 1.207773
0.588759 0.000000 0.000000 1.206511
0.589438 0.000000 0.000000 1.205276
0.590103 0.000000 0.000000 1.204067
0.590753 0.000000 0.000000 1.202883
0.591389 0.000000 0.000000 1.201726
0.592010 0.000000 0.000000 1.200595
0.592617 0.000000 0.000000 1.199489
0.593211 0.000000 0.000000 1.198408
0.593790 0.000000 0.000000 1.197353
0.594355 0.000000 0.000000 1.196322
0.594907 0.000000 0.000000 1.195317
0.595446 0.000000 0.000000 1.194336
0.595970 0.000000 0.000000 1.193379
0.596482 0.000000 0.000000 1.192446
0.596980 0.000000 0.000000 1.191537
0.597465 0.000000 0.000000 1.190652
0.597938 0.000000 0.000000 1.189791
0.598397 0.000000 0.000000 1.188952
0.598844 0.000000 0.000000 1.188137
0.599279 0.000000 0.000000 1.187344
0.599701 0.000000 0.000000 1.186573
0.600111 0.000000 0.000000 1.185825
0.600509 0.000000 0.000000 1.185098
0.600895 0.000000 0.000000 1.184393
0.601270 0.000000 0.000000 1.183709
0.601632 0.000000 0.000000 1.183046
0.601984 0.000000 0.000000 1.182404
0.602324 0.000000 0.000000 1.181783
0.602654 0.000000 0.000000 1.181181
0.602972 0.000000 0.000000 1.180599
0.603280 0.000000 0.000000 1.180037
0.603577 0.000000 0.000000 1.179494
0.603864 0.000000 0.000000 1.178969
0.604141 0.000000 0.000000 1.178463
0.604408 0.000000 0.000000 1.177975
0.604665 0.000000 0.000000 1.177505
0.604912 0.000000 0.000000 1.177053
0.605150 0.000000 0.000000 1.176618
0.605379 0.000000 0.000000 1.176199
0.605599 0.000000 0.000000 1.175798
0.605810 0.000000 0.000000 1.175412
0.606012 0.000000 0.000000 1.175042
0.606206 0.000000 0.000000 1.174687
0.606391 0.000000 0.000000 1.174348
0.606569 0.000000 0.000000 1.174023
0.606738 0.000000 0.000000 1.173713
0.606900 0.000000 0.000000 1.173417
0.607055 0.000000 0.000000 1.173134
0.607202 0.000000 0.000000 1.172865
0.607342 0.000000 0.000000 1.172609
0.607475 0.000000 0.000000 1.172366
0.607601 0.000000 0.000000 1.172134
0.607721 0.000000 0.000000 1.171915
0.607835 0.000000 0.000000 1.171707
0.607942 0.000000 0.000000 1.171511
0.608044 0.000000 0.000000 1.171325
0.608139 0.000000 0.000000 1.171150
0.608229 0.000000 0.000000 1.170985
0.608314 0.000000 0.000000 1.170830
0.608394 0.000000 0.000000 1.170684
0.608468 0.000000 0.000000 1.170547
0.608538 0.000000 0.000000 1.170420
0.608604 0.000000 0.000000 1.170300
0.608664 0.000000 0.000000 1.170189
0.608721 0.000000 0.000000 1.170085
0.608773 0.000000 0.000000 1.169989
0.608822 0.000000 0.000000 1.169900
0.608867 0.000000 0.000000 1.169818
0.608908 0.000000 0.000000 1.169742
0.608946 0.000000 0.000000 1.169673
0.608981 0.000000 0.000000 1.169609
0.609013 0.000000 0.000000 1.169551
0.609042 0.000000 0.000000 1.169498
0.609068 0.000000 0.000000 1.169450
0.609092 0.000000 0.000000 1.169406
0.609113 0.000000 0.000000 1.169367
0.609132 0.000000 0.000000 1.169332
0.609149 0.000000 0.000000 1.169301
0.609164 0.000000 0.000000 1.169274
0.609178 0.000000 0.000000 1.169249
0.609189 0.000000 0.000000 1.169228
0.609199 0.000000 0.000000 1.169210
0.609208 0.000000 0.000000 1.169194
0.609215 0.000000 0.000000 1.169180
0.609222 0.000000 0.000000 1.169169
0.609227 0.000000 0.000000 1.169159
0.609231 0.000000 0.000000 1.169151
0.609235 0.000000 0.000000 1.169145
0.609237 0.000000 0.000000 1.169140
0.609239 0.000000 0.000000 1.169136
0.609241 0.000000 0.000000 1.169133
0.609242 0.000000 0.000000 1.169131
0.609243 0.000000 0.000000 1.169130
0.609243 0.000000 0.000000 1.169129
0.609243 0.000000 0.000000 1.169129
0.609243 0.000000 0.000000 1.169129
0.609243 0.000000 0.000000 1.169129
0.609243 0.000000 0.000000 1.169130
0.609242 0.000000 0.000000 1.169130
0.609242 0.000000 0.000000 1.169131
0.609242 0.000000 0.000000 1.169132
0.609241 0.000000 0.000000 1.169132
0.609241 0.000000 0.000000 1.169133
0.609241 0.000000 0.000000 1.169133
0.609241 -0.000000 0.000000 1.169134
0.609240 -0.000000 0.000000 1.169134
0.609240 -0.000000 0.000000 1.169135
0.609240 -0.000000 0.000000 1.169135
0.609240 -0.000000 0.000000 1.169135
0.609240 -0.000000 0.000000 1.169136
0.609239 -0.000000 0.000000 1.169136
0.609239 -0.000001 0.000001 1.169136
0.609239 -0.000001 0.000001 1.169137
0.609238 -0.000002 0.000001 1.169137
0.609237 -0.000002 0.000002 1.169138
0.609237 -0.000003 0.000003 1.169138
0.609235 -0.000004 0.000004 1.169139
0.609234 -0.000006 0.000005 1.169140
0.609233 -0.000007 0.000007 1.169141
0.609231 -0.000010 0.000009 1.169143
0.609228 -0.000012 0.000012 1.169144
0.609226 -0.000015 0.000015 1.169146
0.609223 -0.000018 0.000018 1.169148
0.609219 -0.000022 0.000022 1.169151
0.609215 -0.000027 0.000027 1.169154
0.609210 -0.000032 0.000033 1.169157
0.609205 -0.000038 0.000039 1.169161
0.609199 -0.000045 0.000047 1.169165
0.609192 -0.000052 0.000055 1.169170
0.609184 -0.000060 0.000064 1.169176
0.609176 -0.000070 0.000074 1.169182
0.609166 -0.000080 0.000086 1.169188
0.609156 -0.000091 0.000099 1.169196
0.609144 -0.000103 0.000113 1.169204
0.609131 -0.000117 0.000129 1.169212
0.609117 -0.000132 0.000146 1.169222
0.609102 -0.000148 0.000164 1.169233
0.609086 -0.000165 0.000185 1.169244
0.609068 -0.000184 0.000207 1.169257
0.609049 -0.000204 0.000231 1.169270
0.609028 -0.000226 0.000257 1.169285
0.609005 -0.000250 0.000286 1.169300
0.608981 -0.000275 0.000316 1.169317
0.608955 -0.000303 0.000349 1.169335
0.608928 -0.000332 0.000384 1.169354
0.608898 -0.000363 0.000421 1.169375
0.608867 -0.000396 0.000461 1.169397
0.608833 -0.000431 0.000504 1.169420
0.608797 -0.000468 0.000550 1.169445
0.608759 -0.000507 0.000598 1.169471
0.608719 -0.000549 0.000649 1.169499
0.608677 -0.000593 0.000704 1.169529
0.608632 -0.000640 0.000762 1.169560
0.608584 -0.000689 0.000823 1.169593
0.608534 -0.000741 0.000887 1.169627
0.608482 -0.000796 0.000955 1.169664
0.608426 -0.000853 0.001027 1.169702
0.608368 -0.000913 0.001102 1.169742
0.608307 -0.000976 0.001181 1.169785
0.608243 -0.001042 0.001264 1.169829
0.608176 -0.001111 0.001352 1.169875
0.608106 -0.001184 0.001443 1.169924
0.608032 -0.001259 0.001539 1.169974
0.607956 -0.001338 0.001639 1.170027
0.607876 -0.001421 0.001744 1.170082
0.607792 -0.001506 0.001853 1.170140
0.607705 -0.001596 0.001967 1.170199
0.607615 -0.001689 0.002086 1.170262
0.607521 -0.001785 0.002209 1.170326
0.607423 -0.001886 0.002338 1.170393
0.607321 -0.001990 0.002472 1.170463
0.607216 -0.002098 0.002612 1.170535
0.607107 -0.002210 0.002756 1.170610
0.606993 -0.002326 0.002907 1.170687
0.606876 -0.002446 0.003062 1.170767
0.606754 -0.002571 0.003224 1.170850
0.606628 -0.002700 0.003391 1.170936
0.606498 -0.002833 0.003565 1.171024
0.606364 -0.002970 0.003744 1.171115
0.606225 -0.003112 0.003929 1.171210
0.606082 -0.003259 0.004121 1.171307
0.605934 -0.003410 0.004319 1.171407
0.605781 -0.003566 0.004524 1.171509
0.605624 -0.003726 0.004735 1.171615
0.605463 -0.003892 0.004953 1.171724
0.605296 -0.004062 0.005177 1.171836
0.605125 -0.004237 0.005409 1.171951
0.604948 -0.004417 0.005647 1.172069
0.604767 -0.004603 0.005893 1.172190
0.604581 -0.004793 0.006146 1.172314
0.604389 -0.004988 0.006406 1.172442
0.604193 -0.005189 0.006673 1.172572
0.603991 -0.005395 0.006948 1.172706
0.603784 -0.005606 0.007231 1.172843
0.603572 -0.005823 0.007521 1.172983
0.603355 -0.006045 0.007819 1.173126
0.603132 -0.006273 0.008124 1.173272
0.602904 -0.006506 0.008438 1.173422
0.602670 -0.006745 0.008760 1.173574
0.602431 -0.006989 0.009090 1.173730
0.602187 -0.007239 0.009428 1.173889
0.601937 -0.007495 0.009774 1.174051
0.601681 -0.007757 0.010129 1.174217
0.601420 -0.008024 0.010493 1.174385
0.601153 -0.008297 0.010865 1.174557
0.600880 -0.008576 0.011245 1.174732
0.600602 -0.008861 0.011635 1.174910
0.600318 -0.009152 0.012033 1.175091
0.600028 -0.009449 0.012440 1.175275
0.599732 -0.009752 0.012856 1.175462
0.599431 -0.010062 0.013282 1.175652
0.599124 -0.010377 0.013716 1.175845
0.598811 -0.010698 0.014160 1.176041
0.598492 -0.011026 0.014613 1.176240
0.598167 -0.011359 0.015075 1.176442
0.597836 -0.011699 0.015547 1.176647
0.597500 -0.012045 0.016028 1.176854
0.597157 -0.012397 0.016519 1.177065
0.596809 -0.012756 0.017019 1.177278
0.596455 -0.013121 0.017530 1.177494
0.596095 -0.013492 0.018050 1.177712
0.595729 -0.013869 0.018580 1.177933
0.595357 -0.014253 0.019120 1.178157
0.594979 -0.014643 0.019670 1.178383
0.594595 -0.015040 0.020230 1.178611
0.594205 -0.015443 0.020800 1.178842
0.593810 -0.015852 0.021380 1.179075
0.593408 -0.016268 0.021971 1.179310
0.593001 -0.016690 0.022571 1.179548
0.592588 -0.017118 0.023183 1.179787
0.592169 -0.017553 0.023804 1.180029
0.591744 -0.017994 0.024436 1.180273
0.591314 -0.018441 0.025078 1.180518
0.590878 -0.018895 0.025731 1.180765
0.590436 -0.019356 0.026395 1.181014
0.589988 -0.019822 0.027069 1.181265
0.589535 -0.020295 0.027754 1.181517
0.589075 -0.020775 0.028449 1.181770
0.588611 -0.021260 0.029156 1.182025
0.588141 -0.021752 0.029873 1.182281
0.587665 -0.022251 0.030601 1.182538
0.587184 -0.022755 0.031339 1.182797
0.586697 -0.023266 0.032089 1.183056
0.586205 -0.023783 0.032849 1.183316
0.585707 -0.024307 0.033621 1.183577
0.585204 -0.024837 0.034403 1.183839
0.584696 -0.025372 0.035197 1.184101
0.584183 -0.025914 0.036001 1.184364
0.583664 -0.026463 0.036817 1.184627
0.583140 -0.027017 0.037643 1.184891
0.582612 -0.027577 0.038481 1.185154
0.582078 -0.028144 0.039329 1.185418
0.581539 -0.028716 0.040189 1.185681
0.580995 -0.029295 0.041060 1.185944
0.580447 -0.029880 0.041941 1.186207
0.579894 -0.030470 0.042835 1.186469
0.579336 -0.031066 0.043739 1.186731
0.578773 -0.031669 0.044654 1.186992
0.578206 -0.032277 0.045580 1.187252
0.577634 -0.032890 0.046518 1.187512
0.577058 -0.033510 0.047466 1.187770
0.576478 -0.034135 0.048426 1.188027
0.575893 -0.034766 0.049397 1.188283
0.575304 -0.035403 0.050379 1.188537
0.574711 -0.036045 0.051372 1.188790
0.574114 -0.036692 0.052376 1.189041
0.573513 -0.037346 0.053391 1.189290
0.572908 -0.038004 0.054417 1.189537
0.572299 -0.038668 0.055454 1.189782
0.571687 -0.039337 0.056502 1.190024
0.571071 -0.040012 0.057561 1.190265
0.570451 -0.040692 0.058631 1.190502
0.569828 -0.041376 0.059712 1.190738
0.569202 -0.042066 0.060804 1.190970
0.568572 -0.042761 0.061907 1.191199
0.567939 -0.043462 0.063020 1.191425
0.567303 -0.044167 0.064144 1.191649
0.566664 -0.044876 0.065279 1.191868
0.566022 -0.045591 0.066425 1.192084
0.565378 -0.046311 0.067581 1.192297
0.564730 -0.047035 0.068747 1.192506
0.564080 -0.047764 0.069925 1.192711
0.563428 -0.048497 0.071112 1.192912
0.562773 -0.049235 0.072311 1.193108
0.562116 -0.049977 0.073519 1.193301
0.561457 -0.050724 0.074738 1.193489
0.560795 -0.051475 0.075967 1.193672
0.560132 -0.052230 0.077206 1.193851
0.559466 -0.052990 0.078455 1.194025
0.558799 -0.053753 0.079714 1.194193
0.558130 -0.054521 0.080984 1.194357
0.557460 -0.055293 0.082263 1.194516
0.556788 -0.056068 0.083551 1.194669
0.556115 -0.056848 0.084850 1.194816
0.555440 -0.057631 0.086158 1.194958
0.554765 -0.058418 0.087476 1.195094
0.554088 -0.059209 0.088803 1.195225
0.553410 -0.060003 0.090140 1.195349
0.552732 -0.060801 0.091486 1.195467
0.552053 -0.061602 0.092841 1.195579
0.551373 -0.062406 0.094205 1.195684
0.550693 -0.063214 0.095578 1.195783
0.550012 -0.064025 0.096960 1.195876
0.549331 -0.064839 0.098351 1.195961
0.548650 -0.065656 0.099751 1.196040
0.547969 -0.066477 0.101159 1.196112
0.547288 -0.067300 0.102575 1.196177
0.546607 -0.068126 0.104000 1.196234
0.545926 -0.068955 0.105433 1.196284
0.545245 -0.069786 0.106875 1.196327
0.544566 -0.070621 0.108324 1.196363
0.543886 -0.071457 0.109781 1.196390
0.543208 -0.072297 0.111246 1.196411
0.542530 -0.073138 0.112719 1.196423
0.541853 -0.073982 0.114199 1.196427
0.541177 -0.074829 0.115686 1.196424
0.540502 -0.075677 0.117181 1.196412
0.539828 -0.076528 0.118682 1.196392
0.539156 -0.077381 0.120191 1.196364
0.538485 -0.078235 0.121707 1.196328
0.537816 -0.079092 0.123229 1.196283
0.537148 -0.079950 0.124758 1.196230
0.536482 -0.080811 0.126293 1.196168
0.535818 -0.081673 0.127834 1.196098
0.535156 -0.082536 0.129382 1.196019
0.534496 -0.083401 0.130935 1.195931
0.533838 -0.084268 0.132495 1.195834
0.533182 -0.085136 0.134060 1.195729
0.532528 -0.086005 0.135630 1.195614
0.531877 -0.086876 0.137206 1.195491
0.531229 -0.087748 0.138787 1.195358
0.530583 -0.088621 0.140373 1.195217
0.529940 -0.089495 0.141964 1.195066
0.529299 -0.090370 0.143560 1.194907
0.528662 -0.091246 0.145160 1.194738
0.528027 -0.092122 0.146765 1.194559
0.527396 -0.093000 0.148373 1.194372
0.526767 -0.093878 0.149986 1.194175
0.526142 -0.094757 0.151603 1.193969
0.525520 -0.095637 0.153223 1.193754
0.524902 -0.096517 0.154847 1.193529
0.524287 -0.097397 0.156474 1.193295
0.523675 -0.098278 0.158105 1.193051
0.523068 -0.099159 0.159738 1.192798
0.522464 -0.100040 0.161375 1.192536
0.521863 -0.100921 0.163014 1.192265
0.521267 -0.101803 0.164655 1.191984
0.520674 -0.102684 0.166299 1.191693
0.520086 -0.103566 0.167945 1.191393
0.519502 -0.104447 0.169592 1.191084
0.518921 -0.105329 0.171242 1.190766
0.518345 -0.106209 0.172893 1.190438
0.517773 -0.107090 0.174546 1.190101
0.517206 -0.107970 0.176199 1.189754
0.516643 -0.108850 0.177854 1.189399
0.516084 -0.109730 0.179510 1.189034
0.515530 -0.110608 0.181166 1.188660
0.514981 -0.111486 0.182823 1.188277
0.514436 -0.112364 0.184480 1.187884
0.513895 -0.113240 0.186137 1.187483
0.513360 -0.114116 0.187794 1.187073
0.512829 -0.114991 0.189451 1.186654
0.512303 -0.115865 0.191108 1.186226
0.511782 -0.116738 0.192763 1.185789
0.511266 -0.117610 0.194418 1.185343
0.510755 -0.118480 0.196072 1.184889
0.510248 -0.119350 0.197725 1.184426
0.509747 -0.120218 0.199376 1.183955
0.509251 -0.121085 0.201026 1.183475
0.508760 -0.121950 0.202674 1.182987
0.508274 -0.122814 0.204321 1.182490
0.507793 -0.123677 0.205965 1.181985
0.507317 -0.124538 0.207607 1.181472
0.506847 -0.125397 0.209246 1.180951
0.506382 -0.126254 0.210883 1.180423
0.505922 -0.127110 0.212517 1.179886
0.505467 -0.127964 0.214148 1.179342
0.505018 -0.128816 0.215775 1.178790
0.504574 -0.129666 0.217400 1.178230
0.504135 -0.130514 0.219021 1.177663
0.503701 -0.131360 0.220638 1.177089
0.503273 -0.132204 0.222251 1.176508
0.502851 -0.133045 0.223860 1.175919
0.502433 -0.133885 0.225465 1.175324
0.502022 -0.134722 0.227066 1.174722
0.501615 -0.135556 0.228662 1.174113
0.501214 -0.136388 0.230253 1.173498
0.500818 -0.137218 0.231839 1.172876
0.500428 -0.138045 0.233420 1.172248
0.500043 -0.138870 0.234996 1.171614
0.499663 -0.139691 0.236567 1.170974
0.499289 -0.140510 0.238132 1.170328
0.498920 -0.141327 0.239691 1.169676
0.498557 -0.142140 0.241245 1.169019
0.498199 -0.142951 0.242792 1.168356
0.497846 -0.143758 0.244333 1.167688
0.497499 -0.144562 0.245868 1.167015
0.497157 -0.145364 0.247396 1.166337
0.496820 -0.146162 0.248918 1.165654
0.496488 -0.146957 0.250433 1.164966
0.496162 -0.147749 0.251940 1.164274
0.495841 -0.148537 0.253441 1.163578
0.495525 -0.149322 0.254935 1.162877
0.495215 -0.150103 0.256421 1.162173
0.494909 -0.150882 0.257899 1.161465
0.494609 -0.151656 0.259370 1.160753
0.494314 -0.152427 0.260833 1.160037
0.494024 -0.153194 0.262288 1.159318
0.493739 -0.153957 0.263735 1.158596
0.493459 -0.154717 0.265174 1.157871
0.493184 -0.155473 0.266605 1.157143
0.492914 -0.156225 0.268027 1.156413
0.492649 -0.156973 0.269440 1.155680
0.492389 -0.157717 0.270845 1.154945
0.492133 -0.158456 0.272241 1.154207
0.491883 -0.159192 0.273628 1.153468
0.491637 -0.159924 0.275006 1.152727
0.491396 -0.160651 0.276375 1.151984
0.491160 -0.161374 0.277735 1.151240
0.490928 -0.162093 0.279085 1.150494
0.490701 -0.162807 0.280426 1.149748
0.490479 -0.163517 0.281757 1.149001
0.490261 -0.164222 0.283078 1.148253
0.490048 -0.164923 0.284390 1.147504
0.489839 -0.165619 0.285692 1.146755
0.489634 -0.166311 0.286984 1.146006
0.489434 -0.166998 0.288266 1.145257
0.489238 -0.167680 0.289537 1.144507
0.489046 -0.168357 0.290799 1.143759
0.488859 -0.169030 0.292050 1.143011
0.488676 -0.169697 0.293291 1.142263
0.488496 -0.170360 0.294521 1.141517
0.488321 -0.171018 0.295741 1.140771
0.488150 -0.171670 0.296950 1.140027
0.487983 -0.172318 0.298148 1.139284
0.487819 -0.172960 0.299336 1.138542
0.487660 -0.173597 0.300513 1.137802
0.487504 -0.174230 0.301679 1.137064
0.487352 -0.174856 0.302834 1.136329
0.487204 -0.175478 0.303978 1.135595
0.487059 -0.176094 0.305111 1.134864
0.486918 -0.176705 0.306233 1.134135
0.486780 -0.177310 0.307344 1.133409
0.486646 -0.177910 0.308443 1.132686
0.486516 -0.178504 0.309532 1.131966
0.486388 -0.179093 0.310609 1.131249
0.486264 -0.179676 0.311675 1.130535
0.486143 -0.180254 0.312729 1.129825
0.486026 -0.180826 0.313772 1.129118
0.485911 -0.181393 0.314803 1.128415
0.485800 -0.181953 0.315823 1.127716
0.485691 -0.182508 0.316832 1.127022
0.485586 -0.183057 0.317829 1.126331
0.485484 -0.183601 0.318815 1.125645
0.485384 -0.184138 0.319789 1.124963
0.485287 -0.184670 0.320751 1.124285
0.485193 -0.185196 0.321702 1.123613
0.485102 -0.185716 0.322641 1.122945
0.485013 -0.186230 0.323569 1.122283
0.484927 -0.186738 0.324485 1.121625
0.484843 -0.187240 0.325389 1.120973
0.484762 -0.187736 0.326282 1.120326
0.484684 -0.188226 0.327163 1.119684
0.484607 -0.188710 0.328032 1.119048
0.484534 -0.189189 0.328890 1.118418
0.484462 -0.189661 0.329737 1.117794
0.484393 -0.190127 0.330571 1.117175
0.484325 -0.190586 0.331394 1.116562
0.484260 -0.191040 0.332206 1.115956
0.484197 -0.191488 0.333006 1.115356
0.484137 -0.191930 0.333794 1.114762
0.484078 -0.192365 0.334571 1.114174
0.484021 -0.192794 0.335336 1.113593
0.483966 -0.193218 0.336090 1.113018
0.483912 -0.193635 0.336833 1.112450
0.483861 -0.194046 0.337564 1.111889
0.483811 -0.194451 0.338284 1.111334
0.483763 -0.194849 0.338992 1.110786
0.483717 -0.195242 0.339689 1.110246
0.483672 -0.195629 0.340375 1.109712
0.483629 -0.196009 0.341049 1.109185
0.483588 -0.196383 0.341713 1.108665
0.483548 -0.196752 0.342365 1.108152
0.483509 -0.197114 0.343006 1.107647
0.483472 -0.197470 0.343636 1.107148
0.483436 -0.197820 0.344255 1.106657
0.483402 -0.198164 0.344863 1.106174
0.483369 -0.198502 0.345460 1.105697
0.483337 -0.198834 0.346047 1.105228
0.483306 -0.199160 0.346622 1.104766
0.483277 -0.199480 0.347187 1.104312
0.483248 -0.199794 0.347742 1.103865
0.483221 -0.200102 0.348285 1.103426
0.483195 -0.200404 0.348818 1.102994
0.483170 -0.200700 0.349341 1.102570
0.483146 -0.200991 0.349853 1.102153
0.483123 -0.201276 0.350355 1.101743
0.483101 -0.201555 0.350847 1.101341
0.483080 -0.201828 0.351329 1.100947
0.483060 -0.202095 0.351800 1.100560
0.483040 -0.202357 0.352262 1.100180
0.483022 -0.202613 0.352713 1.099808
0.483004 -0.202864 0.353155 1.099444
0.482987 -0.203109 0.353587 1.099087
0.482971 -0.203348 0.354009 1.098737
0.482955 -0.203582 0.354422 1.098394
0.482940 -0.203810 0.354825 1.098059
0.482926 -0.204033 0.355219 1.097732
0.482913 -0.204251 0.355603 1.097411
0.482900 -0.204464 0.355979 1.097098
0.482888 -0.204671 0.356345 1.096792
0.482876 -0.204873 0.356702 1.096494
0.482865 -0.205070 0.357050 1.096202
0.482854 -0.205261 0.357389 1.095918
0.482844 -0.205448 0.357720 1.095640
0.482835 -0.205630 0.358042 1.095370
0.482826 -0.205806 0.358355 1.095106
0.482817 -0.205978 0.358660 1.094850
0.482809 -0.206145 0.358957 1.094600
0.482801 -0.206307 0.359245 1.094357
0.482794 -0.206465 0.359525 1.094120
0.482787 -0.206618 0.359798 1.093890
0.482780 -0.206766 0.360062 1.093667
0.482774 -0.206910 0.360319 1.093450
0.482768 -0.207049 0.360568 1.093240
0.482763 -0.207184 0.360809 1.093036
0.482757 -0.207315 0.361043 1.092838
0.482753 -0.207441 0.361270 1.092646
0.482748 -0.207563 0.361489 1.092460
0.482744 -0.207681 0.361701 1.092281
0.482739 -0.207795 0.361907 1.092107
0.482736 -0.207905 0.362105 1.091939
0.482732 -0.208011 0.362297 1.091777
0.482729 -0.208114 0.362482 1.091620
0.482726 -0.208212 0.362660 1.091469
0.482723 -0.208307 0.362833 1.091323
0.482720 -0.208398 0.362998 1.091183
0.482717 -0.208486 0.363158 1.091048
0.482715 -0.208570 0.363312 1.090918
0.482713 -0.208650 0.363460 1.090793
0.482711 -0.208728 0.363602 1.090674
0.482709 -0.208802 0.363738 1.090559
0.482707 -0.208872 0.363869 1.090448
0.482706 -0.208940 0.363995 1.090343
0.482704 -0.209005 0.364115 1.090242
0.482703 -0.209067 0.364230 1.090145
0.482702 -0.209125 0.364340 1.090053
0.482701 -0.209182 0.364445 1.089965
0.482700 -0.209235 0.364545 1.089881
0.482699 -0.209285 0.364641 1.089801
0.482698 -0.209334 0.364732 1.089725
0.482698 -0.209379 0.364819 1.089652
0.482697 -0.209422 0.364901 1.089584
0.482697 -0.209463 0.364980 1.089519
0.482696 -0.209501 0.365054 1.089457
0.482696 -0.209538 0.365124 1.089399
0.482695 -0.209572 0.365191 1.089344
0.482695 -0.209604 0.365254 1.089293
0.482695 -0.209634 0.365313 1.089244
0.482695 -0.209662 0.365369 1.089198
0.482695 -0.209688 0.365421 1.089155
0.482695 -0.209713 0.365471 1.089115
0.482695 -0.209736 0.365517 1.089078
0.482695 -0.209757 0.365560 1.089043
0.482695 -0.209777 0.365600 1.089010
0.482695 -0.209795 0.365638 1.088980
0.482695 -0.209812 0.365673 1.088952
0.482695 -0.209827 0.365706 1.088926
0.482695 -0.209841 0.365736 1.088902
0.482696 -0.209854 0.365764 1.088880
0.482696 -0.209866 0.365790 1.088860
0.482696 -0.209877 0.365813 1.088842
0.482696 -0.209886 0.365835 1.088825
0.482697 -0.209895 0.365855 1.088810
0.482697 -0.209903 0.365873 1.088796
0.482697 -0.209910 0.365889 1.088783
0.482697 -0.209916 0.365904 1.088772
0.482698 -0.209921 0.365917 1.088762
0.482698 -0.209926 0.365929 1.088754
0.482698 -0.209930 0.365940 1.088746
0.482698 -0.209934 0.365949 1.088739
0.482699 -0.209936 0.365958 1.088733
0.482699 -0.209939 0.365965 1.088728
0.482699 -0.209941 0.365972 1.088724
0.482699 -0.209943 0.365977 1.088720
0.482699 -0.209944 0.365982 1.088717
0.482700 -0.209945 0.365986 1.088714
0.482700 -0.209946 0.365989 1.088712
0.482700 -0.209947 0.365992 1.088711
0.482700 -0.209947 0.365994 1.088709
0.482700 -0.209947 0.365996 1.088708
0.482700 -0.209947 0.365998 1.088708
0.482701 -0.209947 0.365999 1.088707
0.482701 -0.209947 0.366000 1.088707
0.482701 -0.209947 0.366000 1.088707
0.482701 -0.209947 0.366001 1.088707
0.482701 -0.209946 0.366001 1.088707
0.482701 -0.209946 0.366001 1.088707
0.482701 -0.209946 0.366001 1.088707
0.482701 -0.209946 0.366001 1.088707
0.482701 -0.209946 0.366001 1.088708
0.482701 -0.209945 0.366001 1.088708
0.482701 -0.209945 0.366000 1.088708
0.482701 -0.209945 0.366000 1.088708
0.482701 -0.209945 0.366000 1.088708
0.482701 -0.209945 0.366000 1.088708
0.482701 -0.209945 0.366000 1.088709
0.482701 -0.209945 0.366000 1.088709
0.482701 -0.209945 0.366000 1.088709
0.482701 -0.209945 0.366000 1.088709
0.482701 -0.209945 0.365999 1.088709
0.482701 -0.209945 0.365999 1.088709
0.482701 -0.209945 0.365999 1.088709
0.482701 -0.209945 0.365999 1.088709
0.482701 -0.209945 0.365999 1.088709
0.482701 -0.209944 0.365999 1.088709
0.482701 -0.209944 0.365999 1.088709
0.482701 -0.209944 0.365999 1.088709
0.482701 -0.209944 0.365999 1.088709
0.482701 -0.209944 0.365999 1.088709
0.482701 -0.209944 0.365999 1.088709
0.482701 -0.209944 0.365999 1.088709
0.482701 -0.209944 0.365999 1.088709
0.482701 -0.209944 0.365999 1.088709
0.482701 -0.209944 0.365999 1.088709
0.482701 -0.209944 0.365999 1.088709
0.482701 -0.209944 0.365999 1.088709
0.482701 -0.209944 0.365999 1.088709
0.482701 -0.209944 0.365999 1.088709
0.482701 -0.209944 0.365999 1.088710
0.482701 -0.209944 0.365999 1.088710
0.482701 -0.209944 0.365999 1.088710
0.482701 -0.209944 0.365999 1.088710
0.482701 -0.209944 0.365999 1.088710
0.482701 -0.209944 0.365999 1.088710
0.482701 -0.209944 0.365999 1.088710
0.482701 -0.209944 0.365999 1.088710
0.482701 -0.209944 0.365999 1.088710
0.482701 -0.209944 0.365999 1.088710
0.482701 -0.209944 0.365999 1.088710
0.482701 -0.209944 0.365999 1.088710
0.482701 -0.209944 0.365999 1.088710
0.482701 -0.209944 0.365999 1.088710
0.482701 -0.209944 0.365999 1.088710
0.482701 -0.209944 0.365999 1.088710
0.482701 -0.209944 0.365999 1.088710
0.482701 -0.209944 0.365999 1.088710
0.482701 -0.209944 0.365999 1.088710
0.482701 -0.209944 0.365999 1.088710
0.482701 -0.209944 0.365999 1.088710
0.482701 -0.209944 0.365999 1.088710
0.482701 -0.209944 0.365999 1.088710
0.482701 -0.209944 0.365999 1.088710
0.482701 -0.209944 0.365999 1.088710
0.482701 -0.209944 0.365999 1.088710
0.482701 -0.209944 0.365999 1.088710
0.482701 -0.209944 0.365999 1.088710
0.482701 -0.209944 0.365999 1.088710
0.482701 -0.209944 0.365999 1.088710
0.482701 -0.209944 0.365999 1.088710
0.482701 -0.209944 0.365999 1.088710
0.482701 -0.209944 0.365999 1.088710
0.482701 -0.209944 0.365999 1.088710
0.482701 -0.209944 0.365999 1.088710
0.482701 -0.209944 0.365999 1.088710
0.482701 -0.209944 0.365999 1.088710
0.482701 -0.209944 0.365999 1.088710
0.482701 -0.209944 0.365999 1.088710
0.482701 -0.209944 0.365999 1.088710
0.482701 -0.209944 0.365999 1.088710
0.482701 -0.209944 0.365999 1.088710
0.482701 -0.209944 0.365999 1.088710
0.482701 -0.209944 0.365999 1.088710
0.482701 -0.209944 0.365999 1.088710
0.482701 -0.209944 0.365999 1.088710
0.482701 -0.209944 0.365999 1.088710
0.482701 -0.209944 0.365999 1.088710
0.482701 -0.209944 0.365999 1.088710
0.482701 -0.209944 0.365999 1.088710
0.482701 -0.209944 0.365999 1.088710
0.482701 -0.209944 0.365999 1.088710
0.482701 -0.209944 0.365999 1.088710
0.482701 -0.209944 0.365999 1.088710
0.482701 -0.209944 0.365999 1.088710
0.482701 -0.209944 0.365999 1.088710
0.482701 -0.209944 0.365999 1.088710
0.482701 -0.209944 0.365999 1.088710
0.482701 -0.209944 0.365999 1.088710
0.482701 -0.209944 0.365999 1.088710
0.482701 -0.209944 0.365999 1.088710
0.482701 -0.209944 0.365999 1.088710
0.482701 -0.209944 0.365999 1.088710
0.482701 -0.209944 0.365999 1.088710
0.482701 -0.209944 0.365999 1.088710
0.482701 -0.209944 0.365999 1.088710
0.482701 -0.209944 0.365999 1.088710
0.482701 -0.209944 0.365999 1.088710
0.482701 -0.209944 0.365999 1.088710
0.482701 -0.209944 0.365999 1.088710
0.482701 -0.209944 0.365999 1.088710
0.482701 -0.209944 0.365999 1.088710
0.482701 -0.209944 0.365999 1.088710
0.482701 -0.209944 0.365999 1.088710
0.482701 -0.209944 0.365999 1.088710
0.482701 -0.209944 0.365999 1.088710
0.482701 -0.209944 0.365999 1.088710
0.482701 -0.209944 0.365999 1.088710
0.482701 -0.209944 0.365999 1.088710
0.482701 -0.209944 0.365999 1.088710
0.482701 -0.209944 0.365999 1.088710
0.482701 -0.209944 0.365999 1.088710
0.482701 -0.209944 0.365999 1.088710
0.482701 -0.209944 0.365999 1.088710
0.482701 -0.209944 0.365999 1.088710
0.482701 -0.209944 0.365999 1.088710
0.482701 -0.209944 0.365999 1.088710
0.482701 -0.209944 0.365999 1.088710
0.482701 -0.209944 0.365999 1.088710
0.482701 -0.209944 0.365999 1.088710
0.482701 -0.209944 0.365999 1.088710
0.482701 -0.209944 0.365999 1.088710
0.482701 -0.209944 0.365999 1.088710
0.482701 -0.209944 0.365999 1.088710
0.482701 -0.209944 0.365999 1.088710
0.482701 -0.209944 0.365999 1.088710
0.482701 -0.209944 0.365999 1.088710
0.482701 -0.209944 0.365999 1.088710
0.482701 -0.209944 0.365999 1.088710
0.482701 -0.209944 0.365999 1.088710
0.482701 -0.209944 0.365999 1.088710
0.482701 -0.209944 0.365999 1.088710
0.482701 -0.209944 0.365999 1.088710
0.482701 -0.209944 0.365999 1.088710
0.482701 -0.209944 0.365999 1.088710
0.482701 -0.209944 0.365999 1.088710
0.482701 -0.209944 0.365999 1.088710
0.482701 -0.209944 0.365999 1.088710
0.482701 -0.209944 0.365999 1.088710
0.482701 -0.209944 0.365999 1.088710
0.482701 -0.209944 0.365999 1.088710
0.482701 -0.209944 0.365999 1.088710
0.482701 -0.209944 0.365999 1.088710
0.482701 -0.209944 0.365999 1.088710
0.482701 -0.209944 0.365999 1.088710
0.482701 -0.209944 0.365999 1.088710
0.482701 -0.209944 0.365999 1.088710
0.482701 -0.209944 0.365999 1.088710
0.482701 -0.209944 0.365999 1.088710
0.482701 -0.209944 0.365999 1.088710
0.482701 -0.209944 0.365999 1.088710
0.482701 -0.209944 0.365999 1.088710
0.482701 -0.209944 0.365999 1.088710
0.482701 -0.209944 0.365999 1.088710
0.482701 -0.209944 0.365999 1.088710
0.482701 -0.209944 0.365999 1.088710
0.482701 -0.209944 0.365999 1.088710
0.482701 -0.209944 0.365999 1.088710
0.482701 -0.209944 0.365999 1.088710
0.482701 -0.209944 0.365999 1.088710
0.482701 -0.209944 0.365999 1.088710
0.482701 -0.209944 0.365999 1.088710
0.482701 -0.209944 0.365999 1.088710
0.482701 -0.209944 0.365999 1.088710
0.482701 -0.209944 0.365999 1.088710
0.482701 -0.209944 0.365999 1.088710
0.482701 -0.209944 0.365999 1.088710
0.482701 -0.209944 0.365999 1.088710
0.482701 -0.209944 0.365999 1.088710
0.482701 -0.209944 0.365999 1.088710
0.482701 -0.209944 0.365999 1.088710
0.482701 -0.209944 0.365999 1.088710
0.482701 -0.209944 0.365999 1.088710
0.482701 -0.209944 0.365999 1.088710
0.482701 -0.209944 0.365999 1.088710
0.482701 -0.209944 0.365999 1.088710
0.482701 -0.209944 0.365999 1.088710
0.482701 -0.209944 0.365999 1.088710
0.482701 -0.209944 0.365999 1.088710
0.482701 -0.209944 0.365999 1.088710
0.482701 -0.209944 0.365999 1.088710
0.482701 -0.209944 0.365999 1.088710
0.482701 -0.209944 0.365999 1.088710
0.482701 -0.209944 0.365999 1.088710
0.482701 -0.209944 0.365999 1.088710
0.482701 -0.209944 0.365999 1.088710
0.482701 -0.209944 0.365999 1.088710
0.482701 -0.209944 0.365999 1.088710
0.482701 -0.209944 0.365999 1.088710
0.482701 -0.209944 0.365999 1.088710
0.482701 -0.209944 0.365999 1.088710
0.482701 -0.209944 0.365999 1.088710
0.482701 -0.209944 0.365999 1.088710
0.482701 -0.209944 0.365999 1.088710
0.482701 -0.209944 0.365999 1.088710
0.482701 -0.209944 0.365999 1.088710
0.482701 -0.209944 0.365999 1.088710
0.482701 -0.209944 0.365999 1.088710
0.482701 -0.209944 0.365999 1.088710
0.482701 -0.209944 0.365999 1.088710
0.482701 -0.209944 0.365999 1.088710
0.482701 -0.209944 0.365999 1.088710
0.482701 -0.209944 0.365999 1.088710
0.482701 -0.209944 0.365999 1.088710
0.482701 -0.209944 0.365999 1.088710
0.482701 -0.209944 0.365999 1.088710
0.482701 -0.209944 0.365999 1.088710
0.482701 -0.209944 0.365999 1.088710
0.482701 -0.209944 0.365999 1.088710
0.482701 -0.209944 0.365999 1.088710
0.482701 -0.209944 0.365999 1.088710
0.482701 -0.209944 0.365999 1.088710
0.482701 -0.209944 0.365999 1.088710
0.482701 -0.209944 0.365999 1.088710
0.482701 -0.209944 0.365999 1.088710
0.482701 -0.209944 0.365999 1.088710
0.482701 -0.209944 0.365999 1.088710
0.482701 -0.209944 0.365999 1.088710
0.482701 -0.209944 0.365999 1.088710
0.482701 -0.209944 0.365999 1.088710
0.482701 -0.209944 0.365999 1.088710
0.482701 -0.209944 0.365999 1.088710
0.482701 -0.209944 0.365999 1.088710
0.482701 -0.209944 0.365999 1.088710
0.482701 -0.209944 0.365999 1.088710
0.482701 -0.209944 0.365999 1.088710
0.482701 -0.209944 0.365999 1.088710
0.482701 -0.209944 0.365999 1.088710
0.482701 -0.209944 0.365999 1.088710
0.482701 -0.209944 0.365999 1.088710
0.482701 -0.209944 0.365999 1.088710
0.482701 -0.209944 0.365999 1.088710
0.482701 -0.209944 0.365999 1.088710
0.482701 -0.209944 0.365999 1.088710
0.482701 -0.209944 0.365999 1.088710
0.482701 -0.209944 0.365999 1.088710
0.482701 -0.209944 0.365999 1.088710
0.482701 -0.209944 0.365999 1.088710
0.482701 -0.209944 0.365999 1.088710
0.482701 -0.209944 0.365999 1.088710
0.482701 -0.209944 0.365999 1.088710
0.482701 -0.209944 0.365999 1.088710
0.482701 -0.209944 0.365999 1.088710
0.482701 -0.209944 0.365999 1.088710
0.482701 -0.209944 0.365999 1.088710
0.482701 -0.209944 0.365999 1.088710
0.482701 -0.209944 0.365999 1.088710
0.482701 -0.209944 0.365999 1.088710
0.482701 -0.209944 0.365999 1.088710
0.482701 -0.209944 0.365999 1.088710
0.482701 -0.209944 0.365999 1.088710
0.482701 -0.209944 0.365999 1.088710
0.482701 -0.209944 0.365999 1.088710
0.482701 -0.209944 0.365999 1.088710
0.482701 -0.209944 0.365999 1.088710
0.482701 -0.209944 0.365999 1.088710
0.482701 -0.209944 0.365999 1.088710
0.482701 -0.209944 0.365999 1.088710
0.482701 -0.209944 0.365999 1.088710
0.482701 -0.209944 0.365999 1.088710
0.482701 -0.209944 0.365999 1.088710
0.482701 -0.209944 0.365999 1.088710
0.482701 -0.209944 0.365999 1.088710
0.482701 -0.209944 0.365999 1.088710
0.482701 -0.209944 0.365999 1.088710
0.482701 -0.209944 0.365999 1.088710
0.482701 -0.209944 0.365999 1.088710
0.482701 -0.209944 0.365999 1.088710
0.482701 -0.209944 0.365999 1.088710
0.482701 -0.209944 0.365999 1.088710
0.482701 -0.209944 0.365999 1.088710
0.482701 -0.209944 0.365999 1.088710
0.482701 -0.209944 0.365999 1.088710
0.482701 -0.209944 0.365999 1.088710
0.482701 -0.209944 0.365999 1.088710
0.482701 -0.209944 0.365999 1.088710
0.482701 -0.209944 0.365999 1.088710
0.482701 -0.209944 0.365999 1.088710
0.482701 -0.209944 0.365999 1.088710
0.482701 -0.209944 0.365999 1.088710
0.482701 -0.209944 0.365999 1.088710
0.482701 -0.209944 0.365999 1.088710
0.482701 -0.209944 0.365999 1.088710
0.482701 -0.209944 0.365999 1.088710
0.482701 -0.209944 0.365999 1.088710
0.482701 -0.209944 0.365999 1.088710
0.482701 -0.209944 0.365999 1.088710
0.482701 -0.209944 0.365999 1.088710
0.482701 -0.209944 0.365999 1.088710
0.482701 -0.209944 0.365999 1.088710
0.482701 -0.209944 0.365999 1.088710
0.482701 -0.209944 0.365999 1.088710
0.482701 -0.209944 0.365999 1.088710
0.482701 -0.209944 0.365999 1.088710
0.482701 -0.209944 0.365999 1.088710
0.482701 -0.209944 0.365999 1.088710
0.482701 -0.209944 0.365999 1.088710
0.482701 -0.209944 0.365999 1.088710
0.482701 -0.209944 0.365999 1.088710
0.482701 -0.209944 0.365999 1.088710
0.482701 -0.209944 0.365999 1.088710
0.482701 -0.209944 0.365999 1.088710
0.482701 -0.209944 0.365999 1.088710
0.482701 -0.209944 0.365999 1.088710
0.482701 -0.209944 0.365999 1.088710
0.482701 -0.209944 0.365999 1.088710
0.482701 -0.209944 0.365999 1.088710
0.482701 -0.209944 0.365999 1.088710
0.482701 -0.209944 0.365999 1.088710
0.482701 -0.209944 0.365999 1.088710
0.482701 -0.209944 0.365999 1.088710
0.482701 -0.209944 0.365999 1.088710
0.482701 -0.209944 0.365999 1.088710
0.482701 -0.209944 0.365999 1.088710
0.482701 -0.209944 0.365999 1.088710
0.482701 -0.209944 0.365999 1.088710
0.482701 -0.209944 0.365999 1.088710
0.482701 -0.209944 0.365999 1.088710
0.482701 -0.209944 0.365999 1.088710
0.482701 -0.209944 0.365999 1.088710
0.482701 -0.209944 0.365999 1.088710
0.482701 -0.209944 0.365999 1.088710
0.482701 -0.209944 0.365999 1.088710
0.482701 -0.209944 0.365999 1.088710
0.482701 -0.209944 0.365999 1.088710
0.482701 -0.209944 0.365999 1.088710
0.482701 -0.209944 0.365999 1.088710
0.482701 -0.209944 0.365999 1.088710
0.482701 -0.209944 0.365999 1.088710
0.482701 -0.209944 0.365999 1.088710
0.482701 -0.209944 0.365999 1.088710
0.482701 -0.209944 0.365999 1.088710
0.482701 -0.209944 0.365999 1.088710
0.482701 -0.209944 0.365999 1.088710
0.482701 -0.209944 0.365999 1.088710
0.482701 -0.209944 0.365999 1.088710
0.482701 -0.209944 0.365999 1.088710
0.482701 -0.209944 0.365999 1.088710
0.482701 -0.209944 0.365999 1.088710
0.482701 -0.209944 0.365999 1.088710
0.482701 -0.209944 0.365999 1.088710
0.482701 -0.209944 0.365999 1.088710
0.482701 -0.209944 0.365999 1.088710
0.482701 -0.209944 0.365999 1.088710
0.482701 -0.209944 0.365999 1.088710
0.482701 -0.209944 0.365999 1.088710
0.482701 -0.209944 0.365999 1.088710
0.482701 -0.209944 0.365999 1.088710
0.482701 -0.209944 0.365999 1.088710
0.482701 -0.209944 0.365999 1.088710
0.482701 -0.209944 0.365999 1.088710
0.482701 -0.209944 0.365999 1.088710
0.482701 -0.209944 0.365999 1.088710
0.482701 -0.209944 0.365999 1.088710
0.482701 -0.209944 0.365999 1.088710
0.482701 -0.209944 0.365999 1.088710
0.482701 -0.209944 0.365999 1.088710
0.482701 -0.209944 0.365999 1.088710
0.482701 -0.209944 0.365999 1.088710
0.482701 -0.209944 0.365999 1.088710
0.482701 -0.209944 0.365999 1.088710
0.482701 -0.209944 0.365999 1.088710
0.482701 -0.209944 0.365999 1.088710
0.482701 -0.209944 0.365999 1.088710
0.482701 -0.209944 0.365999 1.088710
0.482701 -0.209944 0.365999 1.088710
0.482701 -0.209944 0.365999 1.088710
0.482701 -0.209944 0.365999 1.088710
0.482701 -0.209944 0.365999 1.088710
0.482701 -0.209944 0.365999 1.088710
0.482701 -0.209944 0.365999 1.088710
0.482701 -0.209944 0.365999 1.088710
0.482701 -0.209944 0.365999 1.088710
0.482701 -0.209944 0.365999 1.088710
0.482701 -0.209944 0.365999 1.088710
0.482701 -0.209944 0.365999 1.088710
0.482701 -0.209944 0.365999 1.088710
0.482701 -0.209944 0.365999 1.088710
0.482701 -0.209944 0.365999 1.088710
0.482701 -0.209944 0.365999 1.088710
0.482701 -0.209944 0.365999 1.088710
0.482701 -0.209944 0.365999 1.088710
0.482701 -0.209944 0.365999 1.088710
0.482701 -0.209944 0.365999 1.088710
0.482701 -0.209944 0.365999 1.088710
0.482701 -0.209944 0.365999 1.088710
0.482701 -0.209944 0.365999 1.088710
0.482701 -0.209944 0.365999 1.088710
0.482701 -0.209944 0.365999 1.088710
0.482701 -0.209944 0.365999 1.088710
0.482701 -0.209944 0.365999 1.088710
0.482701 -0.209944 0.365999 1.088710
0.482701 -0.209944 0.365999 1.088710
0.482701 -0.209944 0.365999 1.088710
0.482701 -0.209944 0.365999 1.088710
0.482701 -0.209944 0.365999 1.088710
0.482701 -0.209944 0.365999 1.088710
0.482701 -0.209944 0.365999 1.088710
0.482701 -0.209944 0.365999 1.088710
0.482701 -0.209944 0.365999 1.088710
0.482701 -0.209944 0.365999 1.088710
0.482701 -0.209944 0.365999 1.088710
0.482701 -0.209944 0.365999 1.088710
0.482701 -0.209944 0.365999 1.088710
0.482701 -0.209944 0.365999 1.088710
0.482701 -0.209944 0.365999 1.088710
0.482701 -0.209944 0.365999 1.088710
0.482701 -0.209944 0.365999 1.088710
0.482701 -0.209944 0.365999 1.088710
0.482701 -0.209944 0.365999 1.088710
0.482701 -0.209944 0.365999 1.088710
0.482701 -0.209944 0.365999 1.088710
0.482701 -0.209944 0.365999 1.088710
0.482701 -0.209944 0.365999 1.088710
0.482701 -0.209944 0.365999 1.088710
0.482701 -0.209944 0.365999 1.088710
0.482701 -0.209944 0.365999 1.088710
0.482701 -0.209944 0.365999 1.088710
0.482701 -0.209944 0.365999 1.088710
0.482701 -0.209944 0.365999 1.088710
0.482701 -0.209944 0.365999 1.088710
0.482701 -0.209944 0.365999 1.088710
0.482701 -0.209944 0.365999 1.088710
0.482701 -0.209944 0.365999 1.088710
0.482701 -0.209944 0.365999 1.088710
0.482701 -0.209944 0.365999 1.088710
0.482701 -0.209944 0.365999 1.088710
0.482701 -0.209944 0.365999 1.088710
0.482701 -0.209944 0.365999 1.088710
0.482701 -0.209944 0.365999 1.088710
0.482701 -0.209944 0.365999 1.088710
0.482701 -0.209944 0.365999 1.088710
0.482701 -0.209944 0.365999 1.088710
0.482701 -0.209944 0.365999 1.088710
0.482701 -0.209944 0.365999 1.088710
0.482701 -0.209944 0.365999 1.088710
0.482701 -0.209944 0.365999 1.088710
0.482701 -0.209944 0.365999 1.088710
0.482701 -0.209944 0.365999 1.088710
0.482701 -0.209944 0.365999 1.088710
0.482701 -0.209944 0.365999 1.088710
0.482701 -0.209944 0.365999 1.088710
0.482701 -0.209944 0.365999 1.088710
0.482701 -0.209944 0.365999 1.088710
0.482701 -0.209944 0.365999 1.088710
0.482701 -0.209944 0.365999 1.088710
0.482701 -0.209944 0.365999 1.088710
0.482701 -0.209944 0.365999 1.088710
0.482701 -0.209944 0.365999 1.088710
0.482701 -0.209944 0.365999 1.088710
0.482701 -0.209944 0.365999 1.088710
0.482701 -0.209944 0.365999 1.088710
0.482701 -0.209944 0.365999 1.088710
0.482701 -0.209944 0.365999 1.088710
0.482701 -0.209944 0.365999 1.088710
0.482701 -0.209944 0.365999 1.088710
0.482701 -0.209944 0.365999 1.088710
0.482701 -0.209944 0.365999 1.088710
0.482701 -0.209944 0.365999 1.088710
0.482701 -0.209944 0.365999 1.088710
0.482701 -0.209944 0.365999 1.088710
0.482701 -0.209944 0.365999 1.088710
0.482701 -0.209944 0.365999 1.088710
0.482701 -0.209944 0.365999 1.088710
0.482701 -0.209944 0.365999 1.088710
0.482701 -0.209944 0.365999 1.088710
0.482701 -0.209944 0.365999 1.088710
0.482701 -0.209944 0.365999 1.088710
0.482701 -0.209944 0.365999 1.088710
0.482701 -0.209944 0.365999 1.088710
0.482701 -0.209944 0.365999 1.088710
0.482701 -0.209944 0.365999 1.088710
0.482701 -0.209944 0.365999 1.088710
0.482701 -0.209944 0.365999 1.088710
0.482701 -0.209944 0.365999 1.088710
0.482701 -0.209944 0.365999 1.088710
0.482701 -0.209944 0.365999 1.088710
0.482701 -0.209944 0.365999 1.088710
0.482701 -0.209944 0.365999 1.088710
0.482701 -0.209944 0.365999 1.088710
0.482701 -0.209944 0.365999 1.088710
0.482701 -0.209944 0.365999 1.088710
0.482701 -0.209944 0.365999 1.088710
0.482701 -0.209944 0.365999 1.088710
0.482701 -0.209944 0.365999 1.088710
0.482701 -0.209944 0.365999 1.088710
0.482701 -0.209944 0.365999 1.088710
0.482701 -0.209944 0.365999 1.088710
0.482701 -0.209944 0.365999 1.088710
0.482701 -0.209944 0.365999 1.088710
0.482701 -0.209944 0.365999 1.088710
0.482701 -0.209944 0.365999 1.088710
0.482701 -0.209944 0.365999 1.088710
0.482701 -0.209944 0.365999 1.088710
0.482701 -0.209944 0.365999 1.088710
0.482701 -0.209944 0.365999 1.088710
0.482701 -0.209944 0.365999 1.088710
0.482701 -0.209944 0.365999 1.088710
0.482701 -0.209944 0.365999 1.088710
0.482701 -0.209944 0.365999 1.088710
0.482701 -0.209944 0.365999 1.088710
0.482701 -0.209944 0.365999 1.088710
0.482701 -0.209944 0.365999 1.088710
0.482701 -0.209944 0.365999 1.088710
